
//3 numeros, maximo 3 movimientos

//5 numeros,  maximo 12 movimientos



//100 numeros sin repetir.  entre 700 y 900 movimientos
1 201 2 202 3 203 4 204 5 205 6 206 7 207 8 208 9 209 10 210 11 211 12 212 13 213 14 214 15 215 16 216 17 217 18 218 19 219 20 220 21 221 22 222 23 223 24 224 25 225 26 226 27 227 28 228 29 229 30 230 31 231 32 232 33 233 34 234 35 235 36 236 37 237 38 238 39 239 40 240 41 241 42 242 43 243 44 244 45 245 46 246 47 247 48 248 49 249 50 250 | wc -l


// 500 numeros sin repetir,  entre 5500 y 7000 movimientos
643 429 266 703 218 463 679 541 881 807 728 896 32 324 526 412 630 418 849 395 772 631 394 103 731 255 467 511 188 800 21 450 537 432 548 55 197 733 117 24 38 886 210 676 660 831 34 273 501 301 749 142 808 561 610 744 281 435 590 798 459 558 732 516 172 4 621 279 177 183 368 478 77 132 134 795 624 123 164 861 691 544 135 792 232 535 314 761 372 835 456 758 824 215 375 323 260 205 524 396 661 615 49 398 840 473 820 577 458 317 195 617 646 639 598 498 651 815 768 773 776 353 782 514 94 42 176 507 593 165 481 66 562 272 634 129 275 543 503 246 335 446 853 843 865 81 248 530 358 858 752 833 554 263 803 352 502 216 139 62 869 780 235 408 342 212 606 309 130 47 724 444 686 72 111 578 587 720 304 513 344 411 534 168 405 288 644 204 357 619 689 257 696 521 392 178 251 295 338 424 579 505 431 219 91 170 8 200 173 174 280 567 198 785 563 799 48 671 46 852 346 175 434 882 362 609 512 85 517 361 29 67 253 805 211 261 136 276 383 828 490 105 399 664 355 162 440 298 841 791 389 864 56 343 289 637 487 723 25 555 106 2 370 870 419 217 625 484 420 622 737 802 133 84 449 269 759 199 209 148 380 297 740 472 520 777 584 154 82 35 528 594 53 128 652 707 327 99 287 762 816 683 203 564 28 893 213 887 247 242 329 714 341 437 320 318 262 410 770 110 306 127 19
